00010000100000000000000000001111
10001000000000001100000000000000
10000110101000010000000000000111
00000010100000000000000000000100
10001100000000010100000000000000
10001010000000011000000000000010
10010001110000000000000000000111
10000100000000000000000000000101
10000010000000000000000000000111
10000110000000000000000000000000
10001000000000000000000000000000
10001010000000000000000000000000
10001100000000000000000000000000
10001110000000000000000000000001
00010000100000000000000000000010
10010010000000000000000000000010
10000110101000100100000000000111
00000010100000000000000000000100
10010100000000000000000000001001
10010010001000101000000000000111
10010001110000000000000000001011
10010100000000000000000000000010
10000000000000000000000000000000
10000000000000000000000000000000
10000000000000000000000000000000
10000000000000000000000000000000
10000000000000000000000000000000
10000000000000000000000000000000
10000000000000000000000000000000
10000000000000000000000000000000
10000000000000000000000000000000
10000000000000000000000000000000

